<?xml version="1.0"?>
<opencv_storage>
<calibration_Time>"Sat Jul 12 14:56:38 2014"</calibration_Time>
<nrOfFrames>25</nrOfFrames>
<image_Width>1280</image_Width>
<image_Height>720</image_Height>
<board_Width>9</board_Width>
<board_Height>6</board_Height>
<square_Size>50.</square_Size>
<FixAspectRatio>1.</FixAspectRatio>
<flagValue>14</flagValue>
<Camera_Matrix type_id="opencv-matrix">
  <rows>3</rows>
  <cols>3</cols>
  <dt>d</dt>
  <data>
    9.5858613999163538e+02 0. 6.3950000000000000e+02 0.
    9.5858613999163538e+02 3.5950000000000000e+02 0. 0. 1.</data></Camera_Matrix>
<Distortion_Coefficients type_id="opencv-matrix">
  <rows>5</rows>
  <cols>1</cols>
  <dt>d</dt>
  <data>
    1.7789431829943275e-01 -2.3690250252254086e+00 0. 0.
    9.4003515780746447e+00</data></Distortion_Coefficients>
<Avg_Reprojection_Error>1.4733996416844911e-01</Avg_Reprojection_Error>
<Per_View_Reprojection_Errors type_id="opencv-matrix">
  <rows>25</rows>
  <cols>1</cols>
  <dt>f</dt>
  <data>
    1.52412817e-01 1.56175882e-01 1.45544395e-01 1.47261053e-01
    1.34718969e-01 1.51415125e-01 1.52273223e-01 1.45647645e-01
    1.35966837e-01 1.50571734e-01 1.49331823e-01 1.52712688e-01
    1.51058540e-01 1.43076763e-01 1.40338838e-01 1.46286562e-01
    1.44449323e-01 1.44376636e-01 1.48977175e-01 1.46166041e-01
    1.35452911e-01 1.46790728e-01 1.48236021e-01 1.57985568e-01
    1.53294757e-01</data></Per_View_Reprojection_Errors>
<Extrinsic_Parameters type_id="opencv-matrix">
  <rows>25</rows>
  <cols>6</cols>
  <dt>d</dt>
  <data>
    -9.5158457238171332e-02 -2.5491392847489980e-01
    1.5281527765846203e+00 -1.8150491623793872e+02
    -2.8445008613239963e+02 1.5521857400327938e+03
    -2.0462252979899065e-01 -2.5765841081116558e-01
    2.2301006625814863e+00 7.6003695425712028e+00
    -1.5298507459236339e+02 1.4914271917249243e+03
    -2.0391430945756528e-01 -2.5062509957261242e-01
    2.2303330733226074e+00 9.3883210643688653e+00
    -1.5444305377160956e+02 1.4901817162734951e+03
    -1.8022921343510626e-01 -2.4377974828686344e-01
    2.2154566925788823e+00 8.7576975081821526e+00
    -1.5635196450892121e+02 1.4813546942187684e+03
    -1.6424574424784855e-01 -2.3504308080237907e-01
    2.2097838208884131e+00 9.3298213782885053e+00
    -1.5778230225515534e+02 1.4753607487825207e+03
    -1.6356671342239268e-01 -2.3063453714244972e-01
    2.2305481245579997e+00 1.3482223796803130e+01
    -1.5292962682692465e+02 1.4723852608701293e+03
    -1.6962733356217682e-01 -2.2349879882955118e-01
    2.2414162629322330e+00 1.7614319399115722e+01
    -1.5273134921653391e+02 1.4715451259671754e+03
    -1.6879420672032477e-01 -2.2573260312124802e-01
    2.2432429163858298e+00 1.9109597059377094e+01
    -1.5225960316621448e+02 1.4712028425989279e+03
    -1.6818252847636453e-01 -2.2593791139679961e-01
    2.2396505586229893e+00 1.9318199013907378e+01
    -1.5395675703453281e+02 1.4701021898150943e+03
    -1.6791881281024484e-01 -2.2368032119925885e-01
    2.2355642752250136e+00 1.8874960197747345e+01
    -1.5539232990631564e+02 1.4692642543586196e+03
    -1.5535459953412487e-01 -2.2754233811461475e-01
    2.2336479241945097e+00 1.5949793937207632e+01
    -1.5358705585461749e+02 1.4646203619910593e+03
    -1.5108843135871683e-01 -2.2340073983527134e-01
    2.2440991265327641e+00 1.4942874144963834e+01
    -1.5119516712643801e+02 1.4622098643314639e+03
    -1.5456803467994182e-01 -2.2110711726049706e-01
    2.2410291591819731e+00 1.5757893614997643e+01
    -1.5277389871437214e+02 1.4616220533118760e+03
    -1.5332121224447703e-01 -2.2105972522811873e-01
    2.2403987594455588e+00 1.6870788906649103e+01
    -1.5310351362872913e+02 1.4616093737393255e+03
    -1.5097909884171112e-01 -2.1822349678343794e-01
    2.2357165148482974e+00 1.5949180641331923e+01
    -1.5353503861312845e+02 1.4605946196165485e+03
    -1.4676084642613663e-01 -2.1988994037213658e-01
    2.2338601609356017e+00 1.5134738322057224e+01
    -1.5370979469828197e+02 1.4596616168317194e+03
    -1.4557385635247855e-01 -2.2037094435581958e-01
    2.2314000526364639e+00 1.3686681355918822e+01
    -1.5397791566110115e+02 1.4594644571184119e+03
    -1.4509882833094967e-01 -2.1983377392299830e-01
    2.2304817496564833e+00 1.3445014055840010e+01
    -1.5421320602102622e+02 1.4593602310047281e+03
    -1.4321030423291412e-01 -2.1506067115871372e-01
    2.2276500239664969e+00 1.4701411714558816e+01
    -1.5168212312228235e+02 1.4522340091424960e+03
    -1.3853196268289775e-01 -2.1127729717616486e-01
    2.2268384020607681e+00 1.6117877353703438e+01
    -1.5103837433375415e+02 1.4472643608935721e+03
    -1.3963130950564215e-01 -2.0846798057079888e-01
    2.2273212016399446e+00 1.7612965654953456e+01
    -1.5048303749092000e+02 1.4399790016384889e+03
    -1.3428234146523033e-01 -2.1102370396601947e-01
    2.2283043963385056e+00 1.8397874853615825e+01
    -1.5012990158159838e+02 1.4278053480512351e+03
    -1.3159064191993380e-01 -2.1344900605687839e-01
    2.2232544455662202e+00 2.3385117210904770e+01
    -1.4969215313181328e+02 1.4122158992020074e+03
    -1.3139736002103919e-01 -2.1436353781071116e-01
    2.2220216762730041e+00 2.4912124706218254e+01
    -1.4944969588621382e+02 1.4070816754123282e+03
    -1.2562838706974849e-01 -2.1926811698493232e-01
    2.2213036590160873e+00 2.5935217011714244e+01
    -1.4763729643559964e+02 1.3970666144444399e+03</data></Extrinsic_Parameters>
